0 0.07851239669421488 0.43663911845730025 0.27995867768595045 0.43663911845730025 0.27995867768595045 0.6831955922865013 0.07851239669421488 0.6831955922865013
0 0.17768595041322313 0.24517906336088158 0.4049586776859504 0.24517906336088158 0.4049586776859504 0.5702479338842976 0.17768595041322313 0.5702479338842976
0 0.6239669421487604 0.546831955922865 0.9121900826446282 0.546831955922865 0.9121900826446282 0.8636363636363636 0.6239669421487604 0.8636363636363636
0 0.3564049586776859 0.8539944903581267 0.6942148760330579 0.8539944903581267 0.6942148760330579 0.997245179063361 0.3564049586776859 0.997245179063361
0 0.6518595041322314 0.3305785123966942 0.7820247933884298 0.3305785123966942 0.7820247933884298 0.4848484848484848 0.6518595041322314 0.4848484848484848
0 0.5072314049586777 0.1446280991735537 0.6497933884297521 0.1446280991735537 0.6497933884297521 0.3181818181818182 0.5072314049586777 0.3181818181818182
0 0.4307851239669422 0.3526170798898072 0.5898760330578512 0.3526170798898072 0.5898760330578512 0.5909090909090909 0.4307851239669422 0.5909090909090909
0 0.23966942148760328 0.0674931129476584 0.35433884297520657 0.0674931129476584 0.35433884297520657 0.20523415977961432 0.23966942148760328 0.20523415977961432
0 0.0444214876033058 0.09366391184572999 0.13842975206611569 0.09366391184572999 0.13842975206611569 0.23415977961432508 0.0444214876033058 0.23415977961432508
0 0.6642561983471075 0.08677685950413223 0.734504132231405 0.08677685950413223 0.734504132231405 0.17493112947658396 0.6642561983471075 0.17493112947658396
0 0.7376033057851239 0.024793388429752067 0.7923553719008264 0.024793388429752067 0.7923553719008264 0.1322314049586777 0.7376033057851239 0.1322314049586777
0 0.6539256198347106 0.006887052341597797 0.7314049586776858 0.006887052341597797 0.7314049586776858 0.10330578512396696 0.6539256198347106 0.10330578512396696
0 0.518595041322314 0.013774104683195594 0.6136363636363636 0.013774104683195594 0.6136363636363636 0.13774104683195593 0.518595041322314 0.13774104683195593
0 0.42458677685950413 0.2121212121212121 0.5475206611570248 0.2121212121212121 0.5475206611570248 0.34848484848484845 0.42458677685950413 0.34848484848484845
0 0.22623966942148754 0.1418732782369146 0.359504132231405 0.1418732782369146 0.359504132231405 0.3181818181818182 0.22623966942148754 0.3181818181818182
